
MT_curr2_world[1]=[1.34972, 0.188452, 6.59499]☓
MT_curr2_world[2]=[-1.01633, 1.80221, 6.60402]x
MT_curr2_world[3]=[-1.00538, 1.69835, 6.2835]x
MT_curr2_world[4]=[-1.12564, 2.25752, 7.90921]x
MT_curr2_world[5]=[-1.01041, 1.55537, 6.29411]x
MT_curr2_world[6]=[-0.983624, 1.95174, 6.3612]x
MT_curr2_world[7]=[-1.06263, 2.06236, 6.68292]x
MT_curr2_world[8]=[-0.992517, 1.80085, 6.13418]x
MT_curr2_world[9]=[-0.999937, 1.94475, 6.29786]x
MT_curr2_world[10]=[-0.982357, 1.83583, 6.7472]x
MT_curr2_world[11]=[-1.00092, 1.85271, 6.86083]x
MT_curr2_world[12]=[-0.85481, 0.167995, 5.17088]x
MT_curr2_world[13]=[-0.859475, 0.387482, 9.35616]x

MT_curr2_world[15]=[-1.03164, 1.60254, 6.40174]x
MT_curr2_world[16]=[-1.00398, 1.8743, 10.9747]x

MT_curr2_world[18]=[-0.838151, 0.29287, 5.06567]x

MT_curr2_world[21]=[-0.846086, 0.290074, 5.33586]x

MT_curr2_world[0]=[-0.844015, 0.177797, 5.06881]
			→-0.82,5.07
MT_curr2_world[14]=[-0.825344, 0.0679307, 5.28045]
			→-0.83,5.34
MT_curr2_world[17]=[-0.969339, 1.04115, 9.47177]
			→-0.93,9.04
MT_curr2_world[19]=[-1.04873, 0.173049, 5.03698]
			→-1.02,5.00
MT_curr2_world[20]=[-0.960054, 0.18148, 7.32313]
			→-0.97,7.39


変化前
MT_curr2_world[0]=[-1.06115, 1.70582, 7.04156]x
MT_curr2_world[1]=[-0.980797, 1.53443, 6.37272]x
MT_curr2_world[2]=[-1.00959, 1.85929, 6.23895]x
MT_curr2_world[3]=[-0.97646, 1.94997, 6.36162]x
MT_curr2_world[4]=[-1.02538, 1.74137, 7.10915]x
MT_curr2_world[5]=[-1.14502, 2.34829, 7.05642]x
MT_curr2_world[6]=[-0.988832, 1.85138, 6.86147]x
MT_curr2_world[7]=[-0.946022, 1.83588, 6.7489]x
MT_curr2_world[8]=[-0.997582, 1.75782, 6.98654]x
MT_curr2_world[9]=[-0.824076, 0.178849, 5.04507]x
MT_curr2_world[10]=[-0.857719, 0.38742, 9.35537]x
MT_curr2_world[11]=[-0.81916, 0.0483844, 5.25273]x
MT_curr2_world[12]=[-0.991813, 1.70004, 6.24832]x
MT_curr2_world[13]=[-1.03876, 1.60228, 6.40243]x
MT_curr2_world[14]=[-1.08349, 1.61669, 10.877]x
MT_curr2_world[15]=[-1.04296, 1.41435, 10.2512]x
MT_curr2_world[20]=[-0.99024, 1.42385, 11.0798]x
MT_curr2_world[22]=[-0.961464, 1.78276, 10.8239]x
MT_curr2_world[25]=[-0.794161, 0.247779, 5.18382]x
MT_curr2_world[27]=[-1.05943, 1.48997, 7.0542]x


MT_curr2_world[16]=[-1.01301, 0.181142, 4.99317]
			→-1.01,5.02
MT_curr2_world[17]=[-0.960408, 0.169464, 7.48527]
			→-0.98,7.60
MT_curr2_world[18]=[-0.800449, 0.189757, 7.89127]
			→-0.81,7.93
MT_curr2_world[19]=[-0.818068, 0.28369, 5.04439]
			→-0.82,5.05
MT_curr2_world[21]=[-1.06091, 2.25412, 10.4314]
			→-0.98,9.56
MT_curr2_world[23]=[-0.792013, 0.310848, 5.18753]
MT_curr2_world[24]=[-1.01441, 0.276321, 5.01213]
			→-1.02,5.02
MT_curr2_world[26]=[2.0098, 1.59651, 10.7405]
			→2.03,10.3
MT_curr2_world[28]=[1.98588, 1.34965, 9.51945]
			→1.96,8.98

